              precision    recall  f1-score   support

           0     0.8430    0.9180    0.8789      1000
           1     0.9970    0.9930    0.9950      1000
           2     0.9098    0.8880    0.8988      1000
           3     0.9590    0.9130    0.9355      1000
           4     0.8317    0.9340    0.8799      1000
           5     0.9880    0.9880    0.9880      1000
           6     0.8237    0.7100    0.7626      1000
           7     0.9767    0.9650    0.9708      1000
           8     0.9880    0.9890    0.9885      1000
           9     0.9674    0.9800    0.9737      1000

    accuracy                         0.9278     10000
   macro avg     0.9284    0.9278    0.9272     10000
weighted avg     0.9284    0.9278    0.9272     10000
