📝 EfficientNet-B4 Training Log

📏 Total Parameters: 17731502
🛠️ Hyperparameters:
  • Learning Rate: 1e-4
  • Epochs: 6
  • Batch Size: 25
  • Optimizer: Adam
  • Loss Function: CrossEntropyLoss

🖥️ GPU: NVIDIA GeForce RTX 5090 | Memory: 31.37 GB


✅ Test Accuracy: 0.9654

📄 Classification Report:
              precision    recall  f1-score   support

           0     1.0000    1.0000    1.0000        12
           1     1.0000    1.0000    1.0000        18
           2     1.0000    0.9167    0.9565        12
           3     0.8824    0.8824    0.8824        17
           4     0.9048    1.0000    0.9500        19
           5     1.0000    1.0000    1.0000        13
           6     1.0000    1.0000    1.0000        12
           7     1.0000    1.0000    1.0000        26
           8     1.0000    0.9286    0.9630        14
           9     0.9286    1.0000    0.9630        13
          10     0.9600    0.9231    0.9412        26
          11     0.9630    1.0000    0.9811        26
          12     1.0000    1.0000    1.0000        15
          13     1.0000    1.0000    1.0000        14
          14     1.0000    1.0000    1.0000        15
          15     0.9231    1.0000    0.9600        12
          16     1.0000    1.0000    1.0000        26
          17     1.0000    1.0000    1.0000        25
          18     0.9286    0.8667    0.8966        15
          19     0.8947    1.0000    0.9444        17
          20     0.8571    1.0000    0.9231        12
          21     0.9000    1.0000    0.9474        18
          22     1.0000    1.0000    1.0000        27
          23     0.8667    1.0000    0.9286        13
          24     1.0000    1.0000    1.0000        12
          25     0.8462    0.9167    0.8800        12
          26     1.0000    1.0000    1.0000        12
          27     0.9091    1.0000    0.9524        20
          28     1.0000    0.9565    0.9778        23
          29     0.9565    0.8462    0.8980        26
          30     1.0000    1.0000    1.0000        16
          31     0.9167    0.8462    0.8800        13
          32     1.0000    1.0000    1.0000        14
          33     1.0000    1.0000    1.0000        12
          34     1.0000    1.0000    1.0000        13
          35     0.9130    0.9545    0.9333        22
          36     1.0000    1.0000    1.0000        32
          37     1.0000    1.0000    1.0000        17
          38     0.9091    0.8333    0.8696        12
          39     0.8333    1.0000    0.9091        20
          40     1.0000    0.8947    0.9444        38
          41     1.0000    1.0000    1.0000        18
          42     0.8889    0.8205    0.8533        39
          43     1.0000    1.0000    1.0000        28
          44     0.8333    0.8333    0.8333        12
          45     0.9828    0.9661    0.9744        59
          46     1.0000    1.0000    1.0000        20
          47     1.0000    0.9524    0.9756        21
          48     0.9375    1.0000    0.9677        15
          49     1.0000    0.9643    0.9818        28
          50     0.9620    0.9870    0.9744        77
          51     1.0000    0.9615    0.9804        26
          52     0.9655    1.0000    0.9825        28
          53     1.0000    1.0000    1.0000        18
          54     0.8750    1.0000    0.9333        21
          55     0.9706    1.0000    0.9851        33
          56     1.0000    1.0000    1.0000        20
          57     0.9189    1.0000    0.9577        34
          58     1.0000    1.0000    1.0000        20
          59     1.0000    1.0000    1.0000        33
          60     1.0000    1.0000    1.0000        15
          61     1.0000    0.8750    0.9333        16
          62     1.0000    1.0000    1.0000        16
          63     0.9412    1.0000    0.9697        16
          64     0.9688    1.0000    0.9841        31
          65     0.9474    1.0000    0.9730        18
          66     1.0000    1.0000    1.0000        13
          67     0.9375    0.9375    0.9375        16
          68     0.9412    1.0000    0.9697        16
          69     0.9500    1.0000    0.9744        19
          70     1.0000    1.0000    1.0000        23
          71     0.9655    0.9655    0.9655        29
          72     0.9500    0.9828    0.9661        58
          73     0.9792    0.9216    0.9495        51
          74     0.9231    1.0000    0.9600        36
          75     1.0000    0.9688    0.9841        32
          76     1.0000    1.0000    1.0000        75
          77     0.9474    0.8780    0.9114        41
          78     1.0000    1.0000    1.0000        12
          79     1.0000    1.0000    1.0000        32
          80     0.9615    1.0000    0.9804        50
          81     1.0000    0.9706    0.9851        34
          82     0.9714    0.8718    0.9189        39
          83     0.9286    1.0000    0.9630        26
          84     1.0000    0.9474    0.9730        19
          85     0.9444    1.0000    0.9714        17
          86     0.9048    1.0000    0.9500        19
          87     0.9545    0.9130    0.9333        46
          88     0.9818    0.9818    0.9818        55
          89     0.9565    0.8800    0.9167        25
          90     0.9565    0.9565    0.9565        23
          91     1.0000    0.9500    0.9744        20
          92     1.0000    0.9286    0.9630        14
          93     0.9792    0.9592    0.9691        49
          94     0.9737    0.9737    0.9737        38
          95     0.9545    0.7778    0.8571        27
          96     0.8889    0.8000    0.8421        20
          97     0.9600    0.9600    0.9600        25
          98     1.0000    1.0000    1.0000        19
          99     1.0000    1.0000    1.0000        15
         100     0.9444    1.0000    0.9714        17
         101     1.0000    1.0000    1.0000        14

    accuracy                         0.9654      2457
   macro avg     0.9641    0.9672    0.9647      2457
weighted avg     0.9665    0.9654    0.9651      2457

Epoch 1: Loss=1.7161, Accuracy=0.6331
🧪 Validation Accuracy after Epoch 1: 0.9654

✅ Test Accuracy: 0.9772

📄 Classification Report:
              precision    recall  f1-score   support

           0     1.0000    1.0000    1.0000        12
           1     1.0000    1.0000    1.0000        18
           2     1.0000    1.0000    1.0000        12
           3     0.8889    0.9412    0.9143        17
           4     1.0000    1.0000    1.0000        19
           5     1.0000    1.0000    1.0000        13
           6     0.9231    1.0000    0.9600        12
           7     1.0000    1.0000    1.0000        26
           8     1.0000    0.8571    0.9231        14
           9     1.0000    1.0000    1.0000        13
          10     0.8929    0.9615    0.9259        26
          11     0.9630    1.0000    0.9811        26
          12     1.0000    0.9333    0.9655        15
          13     1.0000    1.0000    1.0000        14
          14     1.0000    1.0000    1.0000        15
          15     0.9231    1.0000    0.9600        12
          16     1.0000    1.0000    1.0000        26
          17     1.0000    0.9600    0.9796        25
          18     0.9286    0.8667    0.8966        15
          19     0.8500    1.0000    0.9189        17
          20     0.9231    1.0000    0.9600        12
          21     0.9000    1.0000    0.9474        18
          22     1.0000    1.0000    1.0000        27
          23     1.0000    1.0000    1.0000        13
          24     1.0000    1.0000    1.0000        12
          25     1.0000    0.9167    0.9565        12
          26     1.0000    1.0000    1.0000        12
          27     1.0000    1.0000    1.0000        20
          28     1.0000    1.0000    1.0000        23
          29     1.0000    0.8077    0.8936        26
          30     1.0000    1.0000    1.0000        16
          31     0.9167    0.8462    0.8800        13
          32     1.0000    1.0000    1.0000        14
          33     0.9231    1.0000    0.9600        12
          34     1.0000    1.0000    1.0000        13
          35     1.0000    0.9545    0.9767        22
          36     1.0000    1.0000    1.0000        32
          37     1.0000    1.0000    1.0000        17
          38     0.9091    0.8333    0.8696        12
          39     1.0000    0.9500    0.9744        20
          40     1.0000    0.9737    0.9867        38
          41     1.0000    1.0000    1.0000        18
          42     1.0000    0.8718    0.9315        39
          43     1.0000    1.0000    1.0000        28
          44     0.9091    0.8333    0.8696        12
          45     1.0000    1.0000    1.0000        59
          46     1.0000    1.0000    1.0000        20
          47     0.9524    0.9524    0.9524        21
          48     1.0000    1.0000    1.0000        15
          49     1.0000    0.9643    0.9818        28
          50     0.9506    1.0000    0.9747        77
          51     1.0000    1.0000    1.0000        26
          52     0.9655    1.0000    0.9825        28
          53     1.0000    1.0000    1.0000        18
          54     0.8750    1.0000    0.9333        21
          55     1.0000    1.0000    1.0000        33
          56     1.0000    1.0000    1.0000        20
          57     1.0000    1.0000    1.0000        34
          58     1.0000    1.0000    1.0000        20
          59     1.0000    1.0000    1.0000        33
          60     1.0000    1.0000    1.0000        15
          61     0.8824    0.9375    0.9091        16
          62     1.0000    1.0000    1.0000        16
          63     0.9412    1.0000    0.9697        16
          64     0.9688    1.0000    0.9841        31
          65     1.0000    1.0000    1.0000        18
          66     1.0000    1.0000    1.0000        13
          67     0.9412    1.0000    0.9697        16
          68     1.0000    1.0000    1.0000        16
          69     1.0000    1.0000    1.0000        19
          70     1.0000    1.0000    1.0000        23
          71     1.0000    0.9310    0.9643        29
          72     0.9667    1.0000    0.9831        58
          73     0.9434    0.9804    0.9615        51
          74     0.9231    1.0000    0.9600        36
          75     0.9697    1.0000    0.9846        32
          76     1.0000    1.0000    1.0000        75
          77     0.9756    0.9756    0.9756        41
          78     1.0000    1.0000    1.0000        12
          79     1.0000    1.0000    1.0000        32
          80     1.0000    0.9800    0.9899        50
          81     1.0000    0.9706    0.9851        34
          82     0.9722    0.8974    0.9333        39
          83     1.0000    0.9615    0.9804        26
          84     0.9048    1.0000    0.9500        19
          85     0.9444    1.0000    0.9714        17
          86     0.9048    1.0000    0.9500        19
          87     1.0000    0.9348    0.9663        46
          88     1.0000    1.0000    1.0000        55
          89     0.9615    1.0000    0.9804        25
          90     1.0000    0.9565    0.9778        23
          91     1.0000    0.9500    0.9744        20
          92     1.0000    0.9286    0.9630        14
          93     0.9787    0.9388    0.9583        49
          94     0.9744    1.0000    0.9870        38
          95     1.0000    0.8889    0.9412        27
          96     0.8261    0.9500    0.8837        20
          97     1.0000    0.9600    0.9796        25
          98     1.0000    1.0000    1.0000        19
          99     1.0000    1.0000    1.0000        15
         100     1.0000    1.0000    1.0000        17
         101     1.0000    1.0000    1.0000        14

    accuracy                         0.9772      2457
   macro avg     0.9762    0.9761    0.9754      2457
weighted avg     0.9785    0.9772    0.9771      2457

Epoch 2: Loss=0.1816, Accuracy=0.9580
🧪 Validation Accuracy after Epoch 2: 0.9772

✅ Test Accuracy: 0.9801

📄 Classification Report:
              precision    recall  f1-score   support

           0     1.0000    1.0000    1.0000        12
           1     1.0000    1.0000    1.0000        18
           2     0.8571    1.0000    0.9231        12
           3     1.0000    0.8824    0.9375        17
           4     1.0000    0.8947    0.9444        19
           5     1.0000    1.0000    1.0000        13
           6     1.0000    1.0000    1.0000        12
           7     1.0000    1.0000    1.0000        26
           8     1.0000    0.9286    0.9630        14
           9     1.0000    1.0000    1.0000        13
          10     0.8929    0.9615    0.9259        26
          11     0.9630    1.0000    0.9811        26
          12     1.0000    0.9333    0.9655        15
          13     1.0000    1.0000    1.0000        14
          14     1.0000    1.0000    1.0000        15
          15     0.9231    1.0000    0.9600        12
          16     1.0000    1.0000    1.0000        26
          17     1.0000    1.0000    1.0000        25
          18     0.9333    0.9333    0.9333        15
          19     1.0000    1.0000    1.0000        17
          20     0.9231    1.0000    0.9600        12
          21     0.9474    1.0000    0.9730        18
          22     1.0000    1.0000    1.0000        27
          23     1.0000    1.0000    1.0000        13
          24     1.0000    1.0000    1.0000        12
          25     1.0000    0.8333    0.9091        12
          26     1.0000    1.0000    1.0000        12
          27     0.9524    1.0000    0.9756        20
          28     1.0000    1.0000    1.0000        23
          29     1.0000    0.8462    0.9167        26
          30     1.0000    1.0000    1.0000        16
          31     0.8571    0.9231    0.8889        13
          32     1.0000    1.0000    1.0000        14
          33     1.0000    1.0000    1.0000        12
          34     1.0000    1.0000    1.0000        13
          35     1.0000    0.9545    0.9767        22
          36     1.0000    1.0000    1.0000        32
          37     1.0000    1.0000    1.0000        17
          38     0.9167    0.9167    0.9167        12
          39     1.0000    0.9000    0.9474        20
          40     0.9487    0.9737    0.9610        38
          41     1.0000    1.0000    1.0000        18
          42     0.9722    0.8974    0.9333        39
          43     0.9655    1.0000    0.9825        28
          44     0.9091    0.8333    0.8696        12
          45     0.9833    1.0000    0.9916        59
          46     1.0000    1.0000    1.0000        20
          47     1.0000    0.9524    0.9756        21
          48     1.0000    1.0000    1.0000        15
          49     1.0000    0.9643    0.9818        28
          50     0.9625    1.0000    0.9809        77
          51     1.0000    1.0000    1.0000        26
          52     0.9655    1.0000    0.9825        28
          53     1.0000    1.0000    1.0000        18
          54     0.9524    0.9524    0.9524        21
          55     1.0000    1.0000    1.0000        33
          56     1.0000    1.0000    1.0000        20
          57     0.9714    1.0000    0.9855        34
          58     1.0000    1.0000    1.0000        20
          59     1.0000    1.0000    1.0000        33
          60     1.0000    1.0000    1.0000        15
          61     1.0000    0.9375    0.9677        16
          62     1.0000    1.0000    1.0000        16
          63     1.0000    1.0000    1.0000        16
          64     0.9688    1.0000    0.9841        31
          65     0.9474    1.0000    0.9730        18
          66     1.0000    1.0000    1.0000        13
          67     1.0000    1.0000    1.0000        16
          68     1.0000    1.0000    1.0000        16
          69     1.0000    1.0000    1.0000        19
          70     1.0000    1.0000    1.0000        23
          71     1.0000    0.9655    0.9825        29
          72     0.9831    1.0000    0.9915        58
          73     0.8929    0.9804    0.9346        51
          74     0.9474    1.0000    0.9730        36
          75     1.0000    1.0000    1.0000        32
          76     1.0000    1.0000    1.0000        75
          77     0.9762    1.0000    0.9880        41
          78     1.0000    1.0000    1.0000        12
          79     1.0000    1.0000    1.0000        32
          80     1.0000    0.9800    0.9899        50
          81     0.9714    1.0000    0.9855        34
          82     1.0000    0.9487    0.9737        39
          83     1.0000    1.0000    1.0000        26
          84     0.9500    1.0000    0.9744        19
          85     0.9444    1.0000    0.9714        17
          86     0.9048    1.0000    0.9500        19
          87     1.0000    0.9783    0.9890        46
          88     1.0000    0.9818    0.9908        55
          89     0.9615    1.0000    0.9804        25
          90     1.0000    1.0000    1.0000        23
          91     1.0000    0.9500    0.9744        20
          92     1.0000    0.9286    0.9630        14
          93     0.9787    0.9388    0.9583        49
          94     1.0000    1.0000    1.0000        38
          95     1.0000    0.8519    0.9200        27
          96     0.8261    0.9500    0.8837        20
          97     1.0000    0.9200    0.9583        25
          98     1.0000    1.0000    1.0000        19
          99     1.0000    1.0000    1.0000        15
         100     1.0000    1.0000    1.0000        17
         101     1.0000    1.0000    1.0000        14

    accuracy                         0.9801      2457
   macro avg     0.9809    0.9784    0.9789      2457
weighted avg     0.9811    0.9801    0.9800      2457

Epoch 3: Loss=0.0851, Accuracy=0.9807
🧪 Validation Accuracy after Epoch 3: 0.9801

✅ Test Accuracy: 0.9813

📄 Classification Report:
              precision    recall  f1-score   support

           0     1.0000    1.0000    1.0000        12
           1     1.0000    1.0000    1.0000        18
           2     1.0000    1.0000    1.0000        12
           3     1.0000    0.8235    0.9032        17
           4     1.0000    1.0000    1.0000        19
           5     1.0000    1.0000    1.0000        13
           6     1.0000    1.0000    1.0000        12
           7     1.0000    1.0000    1.0000        26
           8     1.0000    0.8571    0.9231        14
           9     1.0000    1.0000    1.0000        13
          10     0.8333    0.9615    0.8929        26
          11     0.9630    1.0000    0.9811        26
          12     0.9375    1.0000    0.9677        15
          13     1.0000    1.0000    1.0000        14
          14     1.0000    1.0000    1.0000        15
          15     1.0000    1.0000    1.0000        12
          16     1.0000    1.0000    1.0000        26
          17     1.0000    1.0000    1.0000        25
          18     0.9333    0.9333    0.9333        15
          19     0.9444    1.0000    0.9714        17
          20     0.9231    1.0000    0.9600        12
          21     0.9474    1.0000    0.9730        18
          22     1.0000    1.0000    1.0000        27
          23     1.0000    1.0000    1.0000        13
          24     1.0000    1.0000    1.0000        12
          25     1.0000    0.8333    0.9091        12
          26     1.0000    1.0000    1.0000        12
          27     1.0000    1.0000    1.0000        20
          28     1.0000    1.0000    1.0000        23
          29     1.0000    0.8462    0.9167        26
          30     1.0000    1.0000    1.0000        16
          31     0.8571    0.9231    0.8889        13
          32     1.0000    0.9286    0.9630        14
          33     1.0000    1.0000    1.0000        12
          34     1.0000    1.0000    1.0000        13
          35     1.0000    0.9545    0.9767        22
          36     1.0000    1.0000    1.0000        32
          37     1.0000    1.0000    1.0000        17
          38     0.9167    0.9167    0.9167        12
          39     0.9500    0.9500    0.9500        20
          40     0.9737    0.9737    0.9737        38
          41     1.0000    1.0000    1.0000        18
          42     1.0000    0.9231    0.9600        39
          43     1.0000    1.0000    1.0000        28
          44     0.9091    0.8333    0.8696        12
          45     1.0000    1.0000    1.0000        59
          46     1.0000    1.0000    1.0000        20
          47     1.0000    0.9524    0.9756        21
          48     1.0000    1.0000    1.0000        15
          49     1.0000    0.9643    0.9818        28
          50     0.9747    1.0000    0.9872        77
          51     1.0000    1.0000    1.0000        26
          52     0.9655    1.0000    0.9825        28
          53     1.0000    0.9444    0.9714        18
          54     0.9545    1.0000    0.9767        21
          55     1.0000    1.0000    1.0000        33
          56     1.0000    1.0000    1.0000        20
          57     0.9714    1.0000    0.9855        34
          58     1.0000    1.0000    1.0000        20
          59     1.0000    1.0000    1.0000        33
          60     1.0000    1.0000    1.0000        15
          61     1.0000    0.8750    0.9333        16
          62     1.0000    1.0000    1.0000        16
          63     1.0000    1.0000    1.0000        16
          64     0.9688    1.0000    0.9841        31
          65     0.9474    1.0000    0.9730        18
          66     1.0000    1.0000    1.0000        13
          67     1.0000    1.0000    1.0000        16
          68     1.0000    1.0000    1.0000        16
          69     0.9500    1.0000    0.9744        19
          70     1.0000    1.0000    1.0000        23
          71     0.9355    1.0000    0.9667        29
          72     0.9667    1.0000    0.9831        58
          73     0.9434    0.9804    0.9615        51
          74     0.9474    1.0000    0.9730        36
          75     0.9697    1.0000    0.9846        32
          76     1.0000    1.0000    1.0000        75
          77     0.9750    0.9512    0.9630        41
          78     1.0000    1.0000    1.0000        12
          79     0.9697    1.0000    0.9846        32
          80     1.0000    0.9800    0.9899        50
          81     0.9714    1.0000    0.9855        34
          82     1.0000    0.9487    0.9737        39
          83     1.0000    1.0000    1.0000        26
          84     0.9474    0.9474    0.9474        19
          85     0.9444    1.0000    0.9714        17
          86     1.0000    1.0000    1.0000        19
          87     1.0000    1.0000    1.0000        46
          88     1.0000    1.0000    1.0000        55
          89     1.0000    1.0000    1.0000        25
          90     0.9583    1.0000    0.9787        23
          91     1.0000    0.9500    0.9744        20
          92     1.0000    0.9286    0.9630        14
          93     0.9792    0.9592    0.9691        49
          94     1.0000    0.9737    0.9867        38
          95     1.0000    0.8519    0.9200        27
          96     0.8333    1.0000    0.9091        20
          97     1.0000    0.9600    0.9796        25
          98     1.0000    1.0000    1.0000        19
          99     1.0000    1.0000    1.0000        15
         100     1.0000    1.0000    1.0000        17
         101     1.0000    1.0000    1.0000        14

    accuracy                         0.9813      2457
   macro avg     0.9820    0.9787    0.9796      2457
weighted avg     0.9823    0.9813    0.9812      2457

Epoch 4: Loss=0.0488, Accuracy=0.9887
🧪 Validation Accuracy after Epoch 4: 0.9813

✅ Test Accuracy: 0.9841

📄 Classification Report:
              precision    recall  f1-score   support

           0     1.0000    1.0000    1.0000        12
           1     1.0000    1.0000    1.0000        18
           2     0.9231    1.0000    0.9600        12
           3     0.9375    0.8824    0.9091        17
           4     1.0000    1.0000    1.0000        19
           5     1.0000    1.0000    1.0000        13
           6     1.0000    1.0000    1.0000        12
           7     1.0000    1.0000    1.0000        26
           8     1.0000    1.0000    1.0000        14
           9     1.0000    1.0000    1.0000        13
          10     0.8929    0.9615    0.9259        26
          11     0.9630    1.0000    0.9811        26
          12     1.0000    1.0000    1.0000        15
          13     1.0000    1.0000    1.0000        14
          14     1.0000    1.0000    1.0000        15
          15     1.0000    0.9167    0.9565        12
          16     1.0000    1.0000    1.0000        26
          17     1.0000    1.0000    1.0000        25
          18     1.0000    0.8667    0.9286        15
          19     1.0000    1.0000    1.0000        17
          20     0.9231    1.0000    0.9600        12
          21     0.9000    1.0000    0.9474        18
          22     1.0000    1.0000    1.0000        27
          23     1.0000    1.0000    1.0000        13
          24     1.0000    1.0000    1.0000        12
          25     1.0000    0.8333    0.9091        12
          26     1.0000    1.0000    1.0000        12
          27     1.0000    1.0000    1.0000        20
          28     1.0000    1.0000    1.0000        23
          29     1.0000    0.8846    0.9388        26
          30     1.0000    1.0000    1.0000        16
          31     0.9231    0.9231    0.9231        13
          32     1.0000    1.0000    1.0000        14
          33     1.0000    1.0000    1.0000        12
          34     1.0000    1.0000    1.0000        13
          35     0.9545    0.9545    0.9545        22
          36     1.0000    1.0000    1.0000        32
          37     1.0000    1.0000    1.0000        17
          38     1.0000    0.9167    0.9565        12
          39     1.0000    0.9500    0.9744        20
          40     1.0000    0.9737    0.9867        38
          41     1.0000    1.0000    1.0000        18
          42     1.0000    0.8974    0.9459        39
          43     1.0000    1.0000    1.0000        28
          44     0.9231    1.0000    0.9600        12
          45     1.0000    1.0000    1.0000        59
          46     0.9524    1.0000    0.9756        20
          47     1.0000    1.0000    1.0000        21
          48     1.0000    1.0000    1.0000        15
          49     1.0000    0.9643    0.9818        28
          50     0.9747    1.0000    0.9872        77
          51     1.0000    0.9615    0.9804        26
          52     1.0000    1.0000    1.0000        28
          53     1.0000    1.0000    1.0000        18
          54     0.9524    0.9524    0.9524        21
          55     1.0000    1.0000    1.0000        33
          56     1.0000    1.0000    1.0000        20
          57     0.9714    1.0000    0.9855        34
          58     1.0000    1.0000    1.0000        20
          59     1.0000    1.0000    1.0000        33
          60     1.0000    1.0000    1.0000        15
          61     0.9412    1.0000    0.9697        16
          62     1.0000    1.0000    1.0000        16
          63     1.0000    1.0000    1.0000        16
          64     1.0000    1.0000    1.0000        31
          65     0.9474    1.0000    0.9730        18
          66     1.0000    1.0000    1.0000        13
          67     1.0000    1.0000    1.0000        16
          68     1.0000    1.0000    1.0000        16
          69     1.0000    1.0000    1.0000        19
          70     1.0000    1.0000    1.0000        23
          71     1.0000    1.0000    1.0000        29
          72     1.0000    1.0000    1.0000        58
          73     0.9074    0.9608    0.9333        51
          74     0.9474    1.0000    0.9730        36
          75     1.0000    1.0000    1.0000        32
          76     1.0000    1.0000    1.0000        75
          77     0.9762    1.0000    0.9880        41
          78     1.0000    1.0000    1.0000        12
          79     1.0000    1.0000    1.0000        32
          80     1.0000    0.9600    0.9796        50
          81     1.0000    1.0000    1.0000        34
          82     0.9737    0.9487    0.9610        39
          83     0.9630    1.0000    0.9811        26
          84     0.9500    1.0000    0.9744        19
          85     0.9444    1.0000    0.9714        17
          86     1.0000    1.0000    1.0000        19
          87     1.0000    1.0000    1.0000        46
          88     1.0000    1.0000    1.0000        55
          89     0.9615    1.0000    0.9804        25
          90     1.0000    0.9565    0.9778        23
          91     1.0000    0.9500    0.9744        20
          92     1.0000    0.9286    0.9630        14
          93     0.9792    0.9592    0.9691        49
          94     1.0000    1.0000    1.0000        38
          95     0.9259    0.9259    0.9259        27
          96     0.8571    0.9000    0.8780        20
          97     0.9600    0.9600    0.9600        25
          98     1.0000    1.0000    1.0000        19
          99     1.0000    1.0000    1.0000        15
         100     1.0000    1.0000    1.0000        17
         101     1.0000    1.0000    1.0000        14

    accuracy                         0.9841      2457
   macro avg     0.9846    0.9832    0.9835      2457
weighted avg     0.9848    0.9841    0.9841      2457

Epoch 5: Loss=0.0333, Accuracy=0.9926
🧪 Validation Accuracy after Epoch 5: 0.9841

✅ Test Accuracy: 0.9837

📄 Classification Report:
              precision    recall  f1-score   support

           0     1.0000    1.0000    1.0000        12
           1     1.0000    1.0000    1.0000        18
           2     1.0000    1.0000    1.0000        12
           3     0.9375    0.8824    0.9091        17
           4     1.0000    1.0000    1.0000        19
           5     1.0000    1.0000    1.0000        13
           6     1.0000    1.0000    1.0000        12
           7     1.0000    1.0000    1.0000        26
           8     1.0000    1.0000    1.0000        14
           9     1.0000    1.0000    1.0000        13
          10     0.8929    0.9615    0.9259        26
          11     0.9630    1.0000    0.9811        26
          12     1.0000    1.0000    1.0000        15
          13     1.0000    1.0000    1.0000        14
          14     1.0000    1.0000    1.0000        15
          15     1.0000    1.0000    1.0000        12
          16     1.0000    1.0000    1.0000        26
          17     1.0000    1.0000    1.0000        25
          18     1.0000    0.9333    0.9655        15
          19     1.0000    1.0000    1.0000        17
          20     0.9231    1.0000    0.9600        12
          21     0.9000    1.0000    0.9474        18
          22     1.0000    1.0000    1.0000        27
          23     1.0000    1.0000    1.0000        13
          24     1.0000    1.0000    1.0000        12
          25     1.0000    0.8333    0.9091        12
          26     1.0000    1.0000    1.0000        12
          27     1.0000    1.0000    1.0000        20
          28     1.0000    1.0000    1.0000        23
          29     1.0000    0.8846    0.9388        26
          30     0.9412    1.0000    0.9697        16
          31     0.9231    0.9231    0.9231        13
          32     1.0000    1.0000    1.0000        14
          33     1.0000    1.0000    1.0000        12
          34     1.0000    1.0000    1.0000        13
          35     1.0000    0.9545    0.9767        22
          36     1.0000    1.0000    1.0000        32
          37     1.0000    1.0000    1.0000        17
          38     1.0000    0.8333    0.9091        12
          39     1.0000    0.9500    0.9744        20
          40     1.0000    0.9737    0.9867        38
          41     0.9474    1.0000    0.9730        18
          42     0.9722    0.8974    0.9333        39
          43     0.9655    1.0000    0.9825        28
          44     0.9091    0.8333    0.8696        12
          45     1.0000    1.0000    1.0000        59
          46     1.0000    1.0000    1.0000        20
          47     1.0000    0.9524    0.9756        21
          48     1.0000    1.0000    1.0000        15
          49     1.0000    0.9643    0.9818        28
          50     0.9872    1.0000    0.9935        77
          51     1.0000    1.0000    1.0000        26
          52     1.0000    1.0000    1.0000        28
          53     1.0000    1.0000    1.0000        18
          54     0.9545    1.0000    0.9767        21
          55     1.0000    1.0000    1.0000        33
          56     1.0000    1.0000    1.0000        20
          57     0.9714    1.0000    0.9855        34
          58     1.0000    1.0000    1.0000        20
          59     1.0000    1.0000    1.0000        33
          60     1.0000    1.0000    1.0000        15
          61     1.0000    0.9375    0.9677        16
          62     1.0000    1.0000    1.0000        16
          63     1.0000    1.0000    1.0000        16
          64     1.0000    1.0000    1.0000        31
          65     0.9474    1.0000    0.9730        18
          66     1.0000    1.0000    1.0000        13
          67     1.0000    1.0000    1.0000        16
          68     1.0000    1.0000    1.0000        16
          69     0.9500    1.0000    0.9744        19
          70     1.0000    1.0000    1.0000        23
          71     1.0000    1.0000    1.0000        29
          72     1.0000    1.0000    1.0000        58
          73     0.9423    0.9608    0.9515        51
          74     0.9474    1.0000    0.9730        36
          75     0.9412    1.0000    0.9697        32
          76     1.0000    1.0000    1.0000        75
          77     0.9762    1.0000    0.9880        41
          78     1.0000    1.0000    1.0000        12
          79     1.0000    1.0000    1.0000        32
          80     0.9804    1.0000    0.9901        50
          81     1.0000    1.0000    1.0000        34
          82     1.0000    0.9744    0.9870        39
          83     0.9630    1.0000    0.9811        26
          84     0.9500    1.0000    0.9744        19
          85     0.9444    1.0000    0.9714        17
          86     1.0000    1.0000    1.0000        19
          87     1.0000    1.0000    1.0000        46
          88     1.0000    1.0000    1.0000        55
          89     0.9615    1.0000    0.9804        25
          90     1.0000    1.0000    1.0000        23
          91     1.0000    0.9500    0.9744        20
          92     1.0000    0.9286    0.9630        14
          93     0.9792    0.9592    0.9691        49
          94     1.0000    1.0000    1.0000        38
          95     0.8333    0.9259    0.8772        27
          96     0.8824    0.7500    0.8108        20
          97     1.0000    0.9200    0.9583        25
          98     1.0000    1.0000    1.0000        19
          99     1.0000    1.0000    1.0000        15
         100     1.0000    1.0000    1.0000        17
         101     1.0000    1.0000    1.0000        14

    accuracy                         0.9837      2457
   macro avg     0.9842    0.9812    0.9822      2457
weighted avg     0.9842    0.9837    0.9836      2457

Epoch 6: Loss=0.0266, Accuracy=0.9931
🧪 Validation Accuracy after Epoch 6: 0.9837

⏱️ Total Training Time: 1839.69 seconds

✅ Test Accuracy: 0.9837

📄 Classification Report:
              precision    recall  f1-score   support

           0     1.0000    1.0000    1.0000        12
           1     1.0000    1.0000    1.0000        18
           2     1.0000    1.0000    1.0000        12
           3     0.9375    0.8824    0.9091        17
           4     1.0000    1.0000    1.0000        19
           5     1.0000    1.0000    1.0000        13
           6     1.0000    1.0000    1.0000        12
           7     1.0000    1.0000    1.0000        26
           8     1.0000    1.0000    1.0000        14
           9     1.0000    1.0000    1.0000        13
          10     0.8929    0.9615    0.9259        26
          11     0.9630    1.0000    0.9811        26
          12     1.0000    1.0000    1.0000        15
          13     1.0000    1.0000    1.0000        14
          14     1.0000    1.0000    1.0000        15
          15     1.0000    1.0000    1.0000        12
          16     1.0000    1.0000    1.0000        26
          17     1.0000    1.0000    1.0000        25
          18     1.0000    0.9333    0.9655        15
          19     1.0000    1.0000    1.0000        17
          20     0.9231    1.0000    0.9600        12
          21     0.9000    1.0000    0.9474        18
          22     1.0000    1.0000    1.0000        27
          23     1.0000    1.0000    1.0000        13
          24     1.0000    1.0000    1.0000        12
          25     1.0000    0.8333    0.9091        12
          26     1.0000    1.0000    1.0000        12
          27     1.0000    1.0000    1.0000        20
          28     1.0000    1.0000    1.0000        23
          29     1.0000    0.8846    0.9388        26
          30     0.9412    1.0000    0.9697        16
          31     0.9231    0.9231    0.9231        13
          32     1.0000    1.0000    1.0000        14
          33     1.0000    1.0000    1.0000        12
          34     1.0000    1.0000    1.0000        13
          35     1.0000    0.9545    0.9767        22
          36     1.0000    1.0000    1.0000        32
          37     1.0000    1.0000    1.0000        17
          38     1.0000    0.8333    0.9091        12
          39     1.0000    0.9500    0.9744        20
          40     1.0000    0.9737    0.9867        38
          41     0.9474    1.0000    0.9730        18
          42     0.9722    0.8974    0.9333        39
          43     0.9655    1.0000    0.9825        28
          44     0.9091    0.8333    0.8696        12
          45     1.0000    1.0000    1.0000        59
          46     1.0000    1.0000    1.0000        20
          47     1.0000    0.9524    0.9756        21
          48     1.0000    1.0000    1.0000        15
          49     1.0000    0.9643    0.9818        28
          50     0.9872    1.0000    0.9935        77
          51     1.0000    1.0000    1.0000        26
          52     1.0000    1.0000    1.0000        28
          53     1.0000    1.0000    1.0000        18
          54     0.9545    1.0000    0.9767        21
          55     1.0000    1.0000    1.0000        33
          56     1.0000    1.0000    1.0000        20
          57     0.9714    1.0000    0.9855        34
          58     1.0000    1.0000    1.0000        20
          59     1.0000    1.0000    1.0000        33
          60     1.0000    1.0000    1.0000        15
          61     1.0000    0.9375    0.9677        16
          62     1.0000    1.0000    1.0000        16
          63     1.0000    1.0000    1.0000        16
          64     1.0000    1.0000    1.0000        31
          65     0.9474    1.0000    0.9730        18
          66     1.0000    1.0000    1.0000        13
          67     1.0000    1.0000    1.0000        16
          68     1.0000    1.0000    1.0000        16
          69     0.9500    1.0000    0.9744        19
          70     1.0000    1.0000    1.0000        23
          71     1.0000    1.0000    1.0000        29
          72     1.0000    1.0000    1.0000        58
          73     0.9423    0.9608    0.9515        51
          74     0.9474    1.0000    0.9730        36
          75     0.9412    1.0000    0.9697        32
          76     1.0000    1.0000    1.0000        75
          77     0.9762    1.0000    0.9880        41
          78     1.0000    1.0000    1.0000        12
          79     1.0000    1.0000    1.0000        32
          80     0.9804    1.0000    0.9901        50
          81     1.0000    1.0000    1.0000        34
          82     1.0000    0.9744    0.9870        39
          83     0.9630    1.0000    0.9811        26
          84     0.9500    1.0000    0.9744        19
          85     0.9444    1.0000    0.9714        17
          86     1.0000    1.0000    1.0000        19
          87     1.0000    1.0000    1.0000        46
          88     1.0000    1.0000    1.0000        55
          89     0.9615    1.0000    0.9804        25
          90     1.0000    1.0000    1.0000        23
          91     1.0000    0.9500    0.9744        20
          92     1.0000    0.9286    0.9630        14
          93     0.9792    0.9592    0.9691        49
          94     1.0000    1.0000    1.0000        38
          95     0.8333    0.9259    0.8772        27
          96     0.8824    0.7500    0.8108        20
          97     1.0000    0.9200    0.9583        25
          98     1.0000    1.0000    1.0000        19
          99     1.0000    1.0000    1.0000        15
         100     1.0000    1.0000    1.0000        17
         101     1.0000    1.0000    1.0000        14

    accuracy                         0.9837      2457
   macro avg     0.9842    0.9812    0.9822      2457
weighted avg     0.9842    0.9837    0.9836      2457

